92
NULL 0 NULL 0
P 5 0,255,0,255,0,32767,0,32767,0,32767 NULL 77 0 0 	# P [50 ]A
A 5 0,255,0,255,0,32767,0,32767,0,32767 NULL 55 0 0 	# A [41 ]A
N 5 0,255,0,255,0,32767,0,32767,0,32767 NULL 66 0 0 	# N [4e ]A
I 5 0,255,0,255,0,32767,0,32767,0,32767 NULL 46 0 0 	# I [49 ]A
F 5 0,255,0,255,0,32767,0,32767,0,32767 NULL 76 0 0 	# F [46 ]A
C 5 0,255,0,255,0,32767,0,32767,0,32767 NULL 65 0 0 	# C [43 ]A
D 5 0,255,0,255,0,32767,0,32767,0,32767 NULL 69 0 0 	# D [44 ]A
O 5 0,255,0,255,0,32767,0,32767,0,32767 NULL 58 0 0 	# O [4f ]A
R 5 0,255,0,255,0,32767,0,32767,0,32767 NULL 56 0 0 	# R [52 ]A
Q 5 0,255,0,255,0,32767,0,32767,0,32767 NULL -1 0 0 	# Q [51 ]A
. 10 0,255,0,255,0,32767,0,32767,0,32767 NULL 11 0 0 	# . [2e ]p
T 5 0,255,0,255,0,32767,0,32767,0,32767 NULL 57 0 0 	# T [54 ]A
E 5 0,255,0,255,0,32767,0,32767,0,32767 NULL 53 0 0 	# E [45 ]A
L 5 0,255,0,255,0,32767,0,32767,0,32767 NULL 41 0 0 	# L [4c ]A
- 10 0,255,0,255,0,32767,0,32767,0,32767 NULL 15 0 0 	# - [2d ]p
V 5 0,255,0,255,0,32767,0,32767,0,32767 NULL 85 0 0 	# V [56 ]A
S 5 0,255,0,255,0,32767,0,32767,0,32767 NULL 54 0 0 	# S [53 ]A
U 5 0,255,0,255,0,32767,0,32767,0,32767 NULL 67 0 0 	# U [55 ]A
H 5 0,255,0,255,0,32767,0,32767,0,32767 NULL 88 0 0 	# H [48 ]A
, 10 0,255,0,255,0,32767,0,32767,0,32767 NULL 20 0 0 	# , [2c ]p
9 8 0,255,0,255,0,32767,0,32767,0,32767 NULL 21 0 0 	# 9 [39 ]0
0 8 0,255,0,255,0,32767,0,32767,0,32767 NULL 22 0 0 	# 0 [30 ]0
Ã 5 0,255,0,255,0,32767,0,32767,0,32767 NULL -1 0 0 	# Ã [c3 ]A
J 5 0,255,0,255,0,32767,0,32767,0,32767 NULL 83 0 0 	# J [4a ]A
: 10 0,255,0,255,0,32767,0,32767,0,32767 NULL 25 0 0 	# : [3a ]p
4 8 0,255,0,255,0,32767,0,32767,0,32767 NULL 26 0 0 	# 4 [34 ]0
3 8 0,255,0,255,0,32767,0,32767,0,32767 NULL 27 0 0 	# 3 [33 ]0
1 8 0,255,0,255,0,32767,0,32767,0,32767 NULL 28 0 0 	# 1 [31 ]0
7 8 0,255,0,255,0,32767,0,32767,0,32767 NULL 29 0 0 	# 7 [37 ]0
6 8 0,255,0,255,0,32767,0,32767,0,32767 NULL 30 0 0 	# 6 [36 ]0
8 8 0,255,0,255,0,32767,0,32767,0,32767 NULL 31 0 0 	# 8 [38 ]0
/ 10 0,255,0,255,0,32767,0,32767,0,32767 NULL 32 0 0 	# / [2f ]p
— 10 0,255,0,255,0,32767,0,32767,0,32767 NULL 33 0 0 	# — [2014 ]p
2 8 0,255,0,255,0,32767,0,32767,0,32767 NULL 34 0 0 	# 2 [32 ]0
5 8 0,255,0,255,0,32767,0,32767,0,32767 NULL 35 0 0 	# 5 [35 ]0
M 5 0,255,0,255,0,32767,0,32767,0,32767 NULL 68 0 0 	# M [4d ]A
_ 10 0,255,0,255,0,32767,0,32767,0,32767 NULL 37 0 0 	# _ [5f ]p
ó 3 0,255,0,255,0,32767,0,32767,0,32767 NULL -1 0 0 	# ó [f3 ]a
G 5 0,255,0,255,0,32767,0,32767,0,32767 NULL 73 0 0 	# G [47 ]A
Ç 5 0,255,0,255,0,32767,0,32767,0,32767 NULL -1 0 0 	# Ç [c7 ]A
l 3 0,255,0,255,0,32767,0,32767,0,32767 NULL 14 0 0 	# l [6c ]a
( 10 0,255,0,255,0,32767,0,32767,0,32767 NULL 42 0 0 	# ( [28 ]p
$ 10 0,255,0,255,0,32767,0,32767,0,32767 NULL 43 0 0 	# $ [24 ]p
) 10 0,255,0,255,0,32767,0,32767,0,32767 NULL 44 0 0 	# ) [29 ]p
“ 10 0,255,0,255,0,32767,0,32767,0,32767 NULL 45 0 0 	# “ [201c ]p
i 3 0,255,0,255,0,32767,0,32767,0,32767 NULL 4 0 0 	# i [69 ]a
§ 10 0,255,0,255,0,32767,0,32767,0,32767 NULL 47 0 0 	# § [a7 ]p
K 5 0,255,0,255,0,32767,0,32767,0,32767 NULL 72 0 0 	# K [4b ]A
x 3 0,255,0,255,0,32767,0,32767,0,32767 NULL 74 0 0 	# x [78 ]a
~ 10 0,255,0,255,0,32767,0,32767,0,32767 NULL 50 0 0 	# ~ [7e ]p
Z 5 0,255,0,255,0,32767,0,32767,0,32767 NULL -1 0 0 	# Z [5a ]A
% 10 0,255,0,255,0,32767,0,32767,0,32767 NULL 52 0 0 	# % [25 ]p
e 3 0,255,0,255,0,32767,0,32767,0,32767 NULL 13 0 0 	# e [65 ]a
s 3 0,255,0,255,0,32767,0,32767,0,32767 NULL 17 0 0 	# s [73 ]a
a 3 0,255,0,255,0,32767,0,32767,0,32767 NULL 2 0 0 	# a [61 ]a
r 3 0,255,0,255,0,32767,0,32767,0,32767 NULL 9 0 0 	# r [72 ]a
t 3 0,255,0,255,0,32767,0,32767,0,32767 NULL 12 0 0 	# t [74 ]a
o 3 0,255,0,255,0,32767,0,32767,0,32767 NULL 8 0 0 	# o [6f ]a
= 10 0,255,0,255,0,32767,0,32767,0,32767 NULL 59 0 0 	# = [3d ]p
B 5 0,255,0,255,0,32767,0,32767,0,32767 NULL 75 0 0 	# B [42 ]A
+ 10 0,255,0,255,0,32767,0,32767,0,32767 NULL 61 0 0 	# + [2b ]p
Y 5 0,255,0,255,0,32767,0,32767,0,32767 NULL -1 0 0 	# Y [59 ]A
; 10 0,255,0,255,0,32767,0,32767,0,32767 NULL 63 0 0 	# ; [3b ]p
? 10 0,255,0,255,0,32767,0,32767,0,32767 NULL 64 0 0 	# ? [3f ]p
c 3 0,255,0,255,0,32767,0,32767,0,32767 NULL 6 0 0 	# c [63 ]a
n 3 0,255,0,255,0,32767,0,32767,0,32767 NULL 3 0 0 	# n [6e ]a
u 3 0,255,0,255,0,32767,0,32767,0,32767 NULL 18 0 0 	# u [75 ]a
m 3 0,255,0,255,0,32767,0,32767,0,32767 NULL 36 0 0 	# m [6d ]a
d 3 0,255,0,255,0,32767,0,32767,0,32767 NULL 7 0 0 	# d [64 ]a
* 10 0,255,0,255,0,32767,0,32767,0,32767 NULL 70 0 0 	# * [2a ]p
& 10 0,255,0,255,0,32767,0,32767,0,32767 NULL 71 0 0 	# & [26 ]p
k 3 0,255,0,255,0,32767,0,32767,0,32767 NULL 48 0 0 	# k [6b ]a
g 3 0,255,0,255,0,32767,0,32767,0,32767 NULL 39 0 0 	# g [67 ]a
X 5 0,255,0,255,0,32767,0,32767,0,32767 NULL 49 0 0 	# X [58 ]A
b 3 0,255,0,255,0,32767,0,32767,0,32767 NULL 60 0 0 	# b [62 ]a
f 3 0,255,0,255,0,32767,0,32767,0,32767 NULL 5 0 0 	# f [66 ]a
p 3 0,255,0,255,0,32767,0,32767,0,32767 NULL 1 0 0 	# p [70 ]a
W 5 0,255,0,255,0,32767,0,32767,0,32767 NULL 89 0 0 	# W [57 ]A
É 5 0,255,0,255,0,32767,0,32767,0,32767 NULL -1 0 0 	# É [c9 ]A
Á 5 0,255,0,255,0,32767,0,32767,0,32767 NULL -1 0 0 	# Á [c1 ]A
’ 10 0,255,0,255,0,32767,0,32767,0,32767 NULL 81 0 0 	# ’ [2019 ]p
Ó 5 0,255,0,255,0,32767,0,32767,0,32767 NULL 38 0 0 	# Ó [d3 ]A
j 3 0,255,0,255,0,32767,0,32767,0,32767 NULL 24 0 0 	# j [6a ]a
ç 3 0,255,0,255,0,32767,0,32767,0,32767 NULL 40 0 0 	# ç [e7 ]a
v 3 0,255,0,255,0,32767,0,32767,0,32767 NULL 16 0 0 	# v [76 ]a
y 3 0,255,0,255,0,32767,0,32767,0,32767 NULL 62 0 0 	# y [79 ]a
# 10 0,255,0,255,0,32767,0,32767,0,32767 NULL 87 0 0 	# # [23 ]p
h 3 0,255,0,255,0,32767,0,32767,0,32767 NULL 19 0 0 	# h [68 ]a
w 3 0,255,0,255,0,32767,0,32767,0,32767 NULL 78 0 0 	# w [77 ]a
z 3 0,255,0,255,0,32767,0,32767,0,32767 NULL 51 0 0 	# z [7a ]a
q 3 0,255,0,255,0,32767,0,32767,0,32767 NULL 10 0 0 	# q [71 ]a
